25210
187647596147009
12044323583
15
7660920753
143401274
71
6001
16007132492
2
226915127651
6688
7846658066
50
49559374499506
138
25
260513800904
1480885986494776
1
7
120431941151
39
129
3110108340
448336273
3489660281140
940157733
1895025
1921093
91
175881988600685
16473662540
1800
390420
1312682337
7
133313028
1618193516109
60
2193149
416131011267698
85812912304
69421
103042411955
115838485472
65074686829
2642145
52631750615392
65
1467078816846750
466210078132
18
361
10428
15770153
0
1138171021674910
15
83297119070466
5338888
109042
167131998345355
302573476411
6815
77675491938741
7
611
1
3141
7384902752
3406584645
53
75811352060
154155157678588
44773100
37837168
594047
38757471444
576
31164363028
4604456919804
939336784593
2848718487
1571
14
3565930893
3999
206889837381166
5590503
7
52239
0
31739106
21235823
10420358306
185657511120
16344860485
438719244257
337996118025
80688437710
270009035422
85461
2546453691
2877578722131
12891
201085822453156
8189747821
320513193179242
22464211800
30
1139754396
21407347456
14244542
1700893277
21762929014
6877925
44566
818055318
81
2023621461131
8436902
624740623
1916
5184585689922417
157124075118
633676617
186802956037
267
96813
1
12970259
85538756
9121152
25
16039370428
11379
452
9638965274680
213743623
115760
267
42144037
7890583
12156324988
58
2118
26170
3917
43868452048